// UDLR ABXY LRZZ SS -+HC
10 0000 1000 1100 00 0000
20 0000 0000 0000 00 0000
// grab
14 0000 0010 0000 00 0000
33 0000 0000 0000 00 0000
// throw
20 0100 0000 0000 00 0000
20 0000 0000 0000 00 0000
// jump
08 0000 0000 0000 00 0000
03 0001 0000 0100 00 0000
03 0001 0000 0000 00 0000
// down air
03 0100 1000 0000 00 0000
20 0000 0000 0000 00 0000
16 0010 0000 0000 00 0000
// fast fall
03 0100 0000 0000 00 0000
// neutral air
03 0000 1000 0000 00 0000
24 0000 0000 0000 00 0000
// jump
03 0100 1000 0100 00 0000
// down air
03 0100 1000 0000 00 0000
04 0001 0000 0000 00 0000
32 0000 0000 0000 00 0000
// fast fall
03 0100 0000 0000 00 0000
// up air
03 1000 1000 0000 00 0000
20 0000 0000 0000 00 0000
12 0001 0000 0000 00 0000
// up B
20 1000 0100 0000 00 0000
// 
20 0000 0000 0000 00 0000
